-10.46743190173965,
-1.3284807342054794,
-0.7340814266221987,
-2.597653552550172,
-3.3018046565841397,
10.013444065790534,
90.31737809459061,
84.905326434683,
120.24087683045798,
8.423213465195865,
27.389007257808274,
21.969766918765682,
24.677103129645538,
27.5363404654926,
31.536397337901832,
41.5880490218053,
24.022737461065972,
27.055422782951048,
23.474356746638264,
-10.0,
32.86208234557523,
78.513332170353,
36.200167583583315,
25.9709614698273,
72.2794815254883,
23.98870763610296,
78.36495019058415,
36.40404606234176,
37.792031085850596,
80.41822577157942,
38.30039681204488,
42.53819876119972,
53.44066026142646,
53.38445808809473,
49.02347134915364,
49.92632393825605,
48.86322842472013,
29.849895341317264,
-10.0,
212.20236359328425,
27.441824206767066,
26.572408233798896,
33.8533283406586,
-10.0,
25.903477383128447,
27.648539521950617,
26.26478313934941,
27.835901623094202,
203.52136971792393,
26.66748977658309,
183.73966616946657,
28.415346339062715,
26.765538687488892,
26.67836539582906,
182.50541985580557,
27.69111168491869,
29.740456172300178,
43.31850533542983,
64.1481262877056,
37.96447408782139,
-9.789700607410756,
64.48466060901953,
508.16058163029663,
64.45737405828815,
51.17437715917489,
60.3784417373803,
747.6203956221966,
-10.0,
52.5811077986842,
57.00863930401658,
29.550090422327592,
25.002482741855438,
43.04204923721911,
42.42033311916948,
38.540531572527605,
2114.840837218389,
404.4906437337789,
55.210704764161235,
145.96697781667027,
123.61626888383753,
37.748613454644754,
34.091477606487246,
38.54404739771899,
35.42154815942797,
39.448108513322985,
54.532496273506354,
52.51280993131674,
27.979053921472513,
252.0179608317053,
542.0603367273129,
247.28879550073702,
41.568790630444994,
37.58822228745157,
232.43629726214823,
46.102337720119195,
25.59950797836577,
43.42901859305574,
426.4574419699748,
762.3981009703159,
24.063799457529022,
41.855725781562604,
-10.0,
401.3629016342953,
401.18342098768306,
24.736069582330778,
